% -------------------------------------------------------------------
%  Generated by MATLAB on 9-Jun-2022 20:20:29
%  MATLAB version: 9.12.0.1884302 (R2022a)
% -------------------------------------------------------------------
                                          

D = 0.18;

K = 0.16;

den = [0.0010000000000000002 0.030000000000000006 0.30000000000000004 1 ...
       ];

den_prod = [0.1 1];

num = 1;

tau = 0.1;

