% -------------------------------------------------------------------
%  Generated by MATLAB on 8-Jun-2022 17:22:10
%  MATLAB version: 9.12.0.1884302 (R2022a)
% -------------------------------------------------------------------
                                                    

B = 2;

J = 0.1;

Td = 0.015;

beta = 100;

eta = 5;

gainMargin = 202;

k = 50;

tau = 0.0033333333333333335;

