% -------------------------------------------------------------------
%  Generated by MATLAB on 3-Jun-2022 18:39:37
%  MATLAB version: 9.12.0.1884302 (R2022a)
% -------------------------------------------------------------------
                                                    

B = 2;

J = 0.1;

Td = 0.02;

beta = 156.1922167275855;

eta = 5;

k = 50;

tau = 0.0033333333333333335;

