% -------------------------------------------------------------------
%  Generated by MATLAB on 3-Jun-2022 20:07:42
%  MATLAB version: 9.12.0.1884302 (R2022a)
% -------------------------------------------------------------------
                                                    

B = 2;

J = 0.1;

Td = 0.02;

beta = 157.27802037845709;

eta = 5;

gainMargin = 202;

k = 50;

tau = 0.0033333333333333335;

