% -------------------------------------------------------------------
%  Generated by MATLAB on 4-Jun-2022 20:09:55
%  MATLAB version: 9.12.0.1884302 (R2022a)
% -------------------------------------------------------------------
                                                    

B = 2; % [N ms]

J = 0.1; % [kg m^2]

Td = 0.02; % [s]

beta = 250; 

eta = 5;

gainMargin = 202;
 
k = 50; % [Nm]

tau = 0.0033333333333333335; % [s]

