% -------------------------------------------------------------------
%  Generated by MATLAB on 4-Apr-2022 18:15:24
%  MATLAB version: 9.12.0.1884302 (R2022a)
% -------------------------------------------------------------------
                                                    

B = 2;

J = 0.1;

Td = 0.02;

beta = 50;

eta = 5;

k = 50;

tau = 0.0033333333333333335;

